2
3
4
7
9
10
12
14
15
16
18
24
28
29
30
32
35
37
38
39
43
44
48
51
53
56
59
67
68
69
71
73
74
75
76
77
78
80
81
82
87
88
91
92
96
100
101
102
106
107
114
115
120
121
122
129
130
137
139
140
141
144
146
147
148
149
151
154
156
159
164
167
169
171
174
178
180
181
182
183
185
186
187
190
191
192
194
203
204
205
207
209
215
216
218
220
222
224
225
226
232
236
238
240
241
242
244
245
248
249
251
252
254
257
259
261
262
264
265
267
268
269
271
272
274
275
277
278
282
283
286
289
291
296
298
299
300
302
304
305
310
311
314
316
320
323
326
327
331
336
339
340
341
342
343
345
349
351
353
354
355
358
365
366
371
376
378
380
381
383
384
387
388
389
390
391
392
394
395
398
400
403
404
405
406
408
409
410
413
415
416
419
420
423
424
428
432
433
436
441
444
446
447
449
450
452
453
454
455
457
460
461
462
463
464
465
469
471
472
473
475
476
477
478
480
481
485
491
493
494
495
497
499
503
504
505
507
509
514
515
522
524
529
534
535
540
542
543
544
545
546
548
549
550
553
554
555
557
558
559
563
566
567
569
571
574
578
579
581
582
590
593
596
598
599
600
601
603
604
608
613
615
616
617
619
623
625
628
629
631
633
634
636
637
638
639
641
643
645
646
648
649
651
652
653
661
669
679
680
681
683
684
686
687
690
694
700
701
702
703
704
708
710
712
713
715
728
731
733
734
735
740
742
743
744
747
748
751
752
763
765
769
779
783
786
787
790
791
794
795
796
797
799
800
803
804
809
811
812
819
821
822
831
832
838
839
840
841
843
846
847
848
849
850
855
856
857
860
868
871
874
875
876
877
881
886
887
890
892
893
895
896
899
901
902
904
905
906
907
908
909
912
913
915
916
917
923
924
926
927
930
932
935
942
944
945
946
947
949
950
958
959
960
961
963
964
968
969
970
973
976
981
982
986
989
990
994
995
996
998
999
1000
1002
1003
1007
1008
1009
1013
1014
1015
1018
1019
1020
1023
1024
1025
1027
1028
1030
1031
1032
1034
1037
1038
1040
1041
1045
1047
1048
1050
1051
1054
1055
1057
1060
1062
1063
1064
1066
1068
1069
1071
1073
1076
1078
1081
1085
1086
1089
1090
1092
1093
1097
1099
1101
1102
1103
1104
1107
1110
1113
1114
1116
1119
1121
1124
1125
1129
1130
1131
1132
1133
1134
1137
1138
1139
1140
1143
1151
1152
1153
1157
1160
1162
1168
1169
1170
1173
1174
1176
1177
1179
1180
1185
1187
1189
1192
1194
1195
1201
1202
1205
1208
1209
1210
1212
1214
1215
1216
1219
1221
1222
1223
1226
1227
1231
1234
1236
1237
1239
1241
1247
1249
1251
1252
1253
1254
1257
1258
1260
1261
1264
1265
1268
1269
1272
1273
1275
1276
1277
1284
1286
1288
1289
1291
1292
1295
1299
1300
1302
1303
1304
1306
1308
1309
1312
1313
1314
1316
1318
1323
1324
1328
1330
1332
1335
1336
1339
1341
1344
1345
1346
1347
1350
1353
1354
1355
1358
1362
1363
1366
1370
1371
1373
1376
1378
1380
1381
1384
1386
1387
1390
1391
1392
1395
1396
1397
1399
1400
1401
1404
1407
1412
1413
1416
1417
1420
1421
1424
1425
1428
1431
1433
1435
1440
1441
1443
1444
1445
1447
1451
1452
1455
1458
1459
1460
1461
1463
1464
1466
1468
1470
1471
1472
1473
1475
1476
1479
1484
1486
1487
1490
1493
1495
1497
1498
1499
1502
1504
1505
1507
1508
1510
1512
1514
1515
1516
1517
1519
1521
1524
1525
1528
1529
1530
1531
1534
1536
1538
1539
1540
1542
1543
1544
1545
1546
1549
1557
1558
1560
1564
1573
1574
1578
1582
1583
1587
1591
1592
1595
1597
1599
1600
1605
1606
1609
1611
1612
1615
1619
1624
1625
1626
1627
1628
1629
1636
1637
1642
1651
1653
1654
1655
1657
1659
1662
1666
1668
1669
1670
1671
1674
1675
1677
1678
1680
1683
1685
1686
1688
1692
1693
1694
1696
1697
1698
1700
1702
1703
1705
1706
1707
1709
1710
1711
1712
1715
1716
1718
1719
1727
1734
1736
1743
1745
1746
1748
1749
1752
1753
1757
1758
1761
1767
1768
1770
1771
1772
1773
1774
1778
1779
1780
1783
1787
1790
1793
1794
1795
1798
1799
1800
1801
1802
1805
1806
1809
1813
1814
1818
1820
1822
1823
1824
1828
1829
1831
1835
1841
1842
1843
1850
1851
1852
1855
1856
1857
1858
1859
1861
1862
1864
1866
1867
1868
1869
1871
1872
1874
1875
1878
1879
1882
1884
1885
1887
1888
1889
1890
1892
1893
1894
1897
1900
1903
1910
1912
1917
1920
1922
1923
1924
1925
1926
1928
1932
1933
1937
1939
1941
1944
1945
1946
1948
1949
1951
1952
1957
1958
1959
1964
1969
1970
1972
1975
1976
1977
1978
1979
1981
1986
1987
1988
1989
1992
1995
1996
1998
1999
2002
2003
2004
2009
2010
2013
2015
2018
2019
2020
2024
2025
2027
2030
2031
2036
2040
2041
2046
2047
2050
2052
2055
2059
2060
2063
2064
2065
2066
2067
2072
2075
2078
2080
2082
2085
2086
2088
2091
2096
2097
2099
2100
2101
2103
2104
2106
2109
2110
2116
2118
2120
2121
2122
2125
2126
2127
2130
2131
2132
2134
2135
2141
2142
2143
2145
2146
2148
2149
2150
2152
2156
2157
2159
2162
2163
2173
2177
2178
2180
2181
2182
2184
2185
2186
2187
2189
2190
2192
2193
2194
2202
2203
2207
2209
2210
2211
2215
2218
2220
2223
2225
2228
2232
2233
2235
2236
2237
2241
2243
2244
2245
2246
2247
2248
2249
2250
2251
2252
2255
2257
2258
2259
2262
2269
2270
2272
2282
2284
2288
2291
2292
2293
2294
2297
2299
2301
2302
2303
2305
2308
2309
2311
2313
2314
2317
2318
2322
2324
2325
2329
2330
2336
2337
2339
2342
2344
2348
2349
2351
2352
2354
2355
2356
2361
2362
2364
2369
2370
2371
2372
2373
2375
2376
2381
2382
2386
2388
2392
2396
2398
2405
2406
2412
2413
2415
2417
2418
2420
2421
2424
2427
2428
2429
2430
2432
2433
2434
2435
2437
2441
2442
2444
2446
2449
2450
2454
2455
2458
2459
2463
2470
2471
2472
2474
2476
2481
2482
2484
2485
2486
2488
2489
2490
2492
2495
2496
2499
2500
2502
2507
2508
2514
2516
2521
2522
2525
2528
2530
2531
2533
2537
2538
2539
2541
2543
2551
2552
2556
2559
2560
2564
2565
2569
2570
2576
2577
2580
2581
2582
2584
2587
2590
2595
2601
2607
2608
2610
2611
2613
2615
2617
2621
2629
2630
2631
2634
2636
2638
2643
2644
2646
2647
2650
2652
2653
2658
2661
2665
2666
2670
2672
2674
2675
2676
2678
2683
2684
2685
2690
2693
2694
2695
2697
2698
2702
2703
2704
2705
2706
2707
2708
2709
2710
2714
2715
2716
2717
2719
2722
2723
2724
2729
2731
2732
2733
2734
2736
2744
2747
2749
2751
2752
2753
2755
2756
2760
2761
2762
2764
2765
2767
2768
2769
2771
2772
2773
2774
2775
2776
2777
2778
2780
2781
2783
2785
2786
2788
2793
2795
2796
2798
2799
2803
2806
2807
2809
2810
2811
2812
2813
2818
2820
2821
2823
2824
2828
2830
2832
2834
2835
2836
2837
2838
2839
2840
2843
2844
2847
2852
2854
2858
2859
2860
2861
2867
2868
2871
2874
2875
2878
2883
2885
2891
2892
2893
2894
2896
2898
2902
2905
2906
2908
2914
2916
2917
2919
2921
2922
2923
2926
2927
2932
2933
2936
2940
2941
2945
2946
2947
2949
2951
2952
2953
2954
2955
2957
2961
2962
2963
2965
2966
2967
2968
2969
2973
2974
2976
2978
2979
2984
2985
2987
2988
2989
2990
2994
2996
2998
2999
3000
3001
3007
3011
3012
3013
3014
3017
3019
3020
3021
3024
3025
3028
3033
3036
3037
3039
3040
3042
3043
3044
3049
3050
3051
3067
3068
3071
3073
3074
3075
3084
3089
3090
3091
3092
3094
3095
3096
3097
3098
3099
3100
3107
3108
3109
3110
3111
3112
3114
3115
3123
3125
3126
3130
3133
3134
3135
3136
3137
3140
3143
3148
3151
3156
3157
3158
3161
3165
3166
3173
3177
3178
3181
3186
3188
3191
3195
3197
3202
3203
3205
3208
3210
3211
3214
3216
3220
3222
3226
3227
3228
3229
3230
3234
3236
3237
3240
3241
3245
3248
3251
3253
3255
3256
3259
3260
3262
3267
3269
3270
3271
3272
3274
3275
3276
3277
3278
3280
3288
3289
3293
3294
3296
3297
3298
3301
3303
3305
3307
3308
3309
3310
3311
3312
3315
3316
3318
3322
3324
3326
3327
3328
3329
3330
3331
3333
3334
3335
3339
3340
3342
3343
3345
3347
3351
3352
3356
3357
3358
3360
3361
3362
3363
3374
3375
3376
3378
3380
3383
3385
3386
3387
3391
3395
3400
3402
3413
3414
3417
3419
3423
3426
3427
3429
3430
3431
3433
3437
3438
3441
3442
3446
3447
3449
3451
3452
3454
3457
3462
3463
3464
3465
3466
3467
3469
3470
3471
3476
3479
3483
3485
3488
3489
3491
3494
3495
3497
3500
3501
3506
3508
3510
3514
3518
3519
3525
3530
3531
3533
3534
3538
3540
3541
3542
3545
3547
3550
3552
3554
3555
3558
3559
3561
3565
3566
3572
3574
3578
3581
3583
3586
3587
3591
3594
3595
3596
3597
3599
3600
3602
3608
3610
3614
3618
3623
3624
3625
3626
3627
3628
3629
3633
3639
3642
3644
3646
3649
3651
3653
3654
3657
3658
3659
3661
3662
3663
3664
3666
3669
3670
3671
3672
3674
3675
3677
3678
3685
3687
3690
3693
3695
3696
3697
3699
3701
3704
3707
3708
3709
3714
3716
3717
3719
3721
3722
3723
3725
3729
3733
3736
3737
3738
3740
3741
3742
3744
3745
3746
3747
3748
3750
3751
3752
3753
3754
3757
3758
3759
3773
3774
3775
3778
3784
3785
3788
3792
3798
3803
3805
3808
3810
3811
3812
3819
3821
3823
3824
3826
3829
3832
3835
3837
3838
3839
3840
3845
3850
3853
3856
3858
3859
3861
3864
3865
3869
3875
3878
3879
3880
3881
3882
3885
3888
3892
3893
3894
3895
3897
3898
3899
3900
3907
3908
3909
3911
3913
3916
3917
3920
3925
3932
3935
3937
3939
3944
3945
3954
3957
3958
3959
3960
3961
3962
3963
3965
3966
3967
3968
3969
3971
3975
3976
3977
3979
3982
3983
3984
3986
3987
3991
3993
3998
3999
4000
4003
4006
4008
4012
4013
4015
4017
4018
4019
4023
4026
4027
4028
4029
4034
4039
4043
4047
4048
4050
4051
4055
4056
4059
4060
4062
4067
4068
4069
4072
4077
4078
4079
4080
4082
4083
4085
4086
4087
4090
4091
4093
4095
4096
4102
4103
4105
4109
4112
4113
4114
4120
4121
4122
4124
4125
4126
4127
4128
4130
4132
4133
4134
4135
4136
4137
4138
4140
4141
4142
4143
4145
4146
4147
4149
4151
4157
4158
4163
4166
4169
4171
4172
4174
4175
4176
4177
4178
4179
4180
4184
4185
4186
4187
4190
4194
4198
4201
4202
4205
4207
4209
4211
4212
4216
4217
4218
4221
4223
4226
4228
4229
4233
4234
4238
4239
4241
4247
4250
4251
4256
4258
4259
4263
4264
4265
4267
4270
4272
4274
4276
4277
4278
4279
4284
4290
4291
4294
4295
4297
4299
4302
4306
4310
4311
4315
4317
4318
4324
4325
4326
4327
4328
4331
4333
4334
4337
4340
4341
4342
4349
4350
4354
4358
4360
4361
4364
4366
4367
4368
4370
4377
4381
4382
4386
4388
4397
4398
4404
4406
4409
4413
4416
4418
4420
4424
4426
4427
4430
4431
4434
4436
4440
4445
4447
4450
4451
4457
4458
4459
4460
4461
4463
4465
4466
4469
4471
4475
4477
4481
4482
4483
4486
4488
4489
4492
4493
4495
4497
4498
4499
4500
4504
4506
4507
4508
4509
4510
4511
4512
4513
4519
4521
4525
4528
4530
4532
4534
4535
4541
4544
4547
4549
4550
4551
4552
4557
4558
4559
4560
4563
4564
4565
4567
4571
4574
4575
4577
4578
4579
4582
4590
4591
4592
4594
4596
4597
4598
4604
4605
4606
4607
4608
4609
4610
4613
4617
4621
4622
4626
4627
4628
4631
4633
4635
4638
4639
4640
4646
4648
4650
4652
4653
4655
4659
4664
4667
4671
4675
4676
4684
4686
4687
4695
4698
4701
4702
4706
4707
4711
4712
4715
4718
4719
4721
4722
4723
4724
4725
4727
4728
4729
4732
4734
4735
4736
4737
4738
4739
4740
4742
4745
4748
4751
4752
4754
4755
4756
4757
4758
4765
4770
4773
4774
4775
4778
4779
4784
4785
4786
4790
4795
4796
4799
4801
4802
4805
4806
4808
4813
4814
4817
4819
4820
4825
4832
4833
4837
4839
4841
4842
4844
4848
4851
4854
4855
4856
4857
4859
4862
4864
4869
4871
4880
4882
4884
4886
4890
4892
4894
4896
4897
4898
4901
4902
4904
4908
4909
4910
4911
4916
4917
4918
4924
4927
4930
4937
4939
4944
4945
4946
4947
4948
4949
4950
4953
4954
4955
4956
4958
4960
4966
4967
4976
4977
4978
4979
4980
4985
4989
4990
4991
4992
4994
4995
4996
4997
4998
5000
5002
5004
5006
5012
5014
5015
5016
5018
5020
5022
5024
5029
5037
5038
5040
5043
5045
5053
5054
5055
5056
5063
5066
5068
5069
5071
5073
5075
5076
5081
5083
5085
5087
5090
5093
5095
5096
5097
5103
5104
5110
5111
5112
5113
5114
5115
5116
5118
5120
5122
5124
5125
5126
5130
5132
5133
5134
5137
5138
5140
5141
5142
5143
5145
5146
5147
5148
5149
5150
5152
5154
5156
5157
5158
5160
5166
5169
5170
5171
5173
5176
5180
5181
5182
5184
5185
5187
5189
5196
5199
5201
5203
5204
5206
5207
5210
5212
5213
5218
5219
5220
5223
5229
5230
5231
5233
5237
5242
5248
5249
5252
5253
5254
5255
5257
5258
5261
5262
5263
5264
5265
5268
5270
5271
5274
5275
5277
5282
5284
5285
5287
5288
5289
5291
5293
5295
5299
5300
5301
5305
5308
5311
5314
5317
5322
5323
5328
5329
5334
5335
5337
5341
5345
5346
5348
5350
5351
5353
5355
5358
5359
5363
5367
5368
5371
5374
5377
5378
5379
5380
5383
5384
5386
5388
5389
5390
5393
5396
5398
5400
5403
5404
5405
5407
5410
5411
5412
5413
5414
5416
5417
5419
5420
5421
5422
5424
5425
5429
5434
5435
5439
5444
5445
5447
5449
5451
5454
5455
5459
5461
5466
5468
5473
5474
5479
5481
5483
5486
5487
5488
5490
5494
5495
5498
5499
5502
5504
5506
5507
5510
5512
5513
5515
5516
5519
5520
5521
5526
5527
5528
5529
5531
5532
5533
5535
5537
5539
5540
5542
5543
5545
5546
5550
5551
5553
5557
5561
5562
5563
5564
5565
5568
5573
5575
5594
5596
5602
5603
5605
5608
5609
5610
5612
5613
5614
5618
5621
5622
5623
5628
5629
5630
5631
5632
5635
5636
5639
5640
5641
5645
5646
5651
5652
5654
5655
5656
5658
5659
5660
5661
5662
5665
5672
5675
5677
5682
5683
5685
5689
5693
5695
5701
5704
5708
5711
5712
5714
5716
5718
5719
5721
5723
5724
5726
5727
5729
5730
5731
5735
5737
5739
5741
5743
5745
5747
5749
5750
5751
5754
5757
5758
5760
5764
5766
5767
5770
5771
5773
5774
5785
5786
5788
5790
5794
5795
5799
5800
5803
5804
5805
5806
5808
5810
5815
5817
5818
5820
5821
5823
5825
5826
5828
5829
5832
5833
5834
5837
5840
5842
5844
5847
5848
5850
5851
5852
5854
5855
5858
5860
5863
5867
5868
5872
5874
5875
5876
5878
5881
5882
5883
5884
5889
5892
5893
5895
5897
5900
5901
5907
5911
5913
5915
5918
5924
5925
5928
5930
5931
5932
5935
5936
5941
5942
5943
5946
5949
5961
5967
5969
5972
5977
5979
5980
5981
5982
5983
5984
5985
5987
5994
5995
5997
5998
5999
6002
6005
6006
6011
6016
6019
6025
6026
6030
6032
6033
6034
6035
6039
6044
6045
6047
6048
6050
6053
6054
6055
6056
6057
6058
6064
6065
6066
6067
6071
6078
6079
6083
6086
6090
6091
6097
6098
6100
6101
6102
6103
6107
6108
6110
6114
6115
6117
6118
6119
6120
6124
6126
6132
6135
6136
6137
6141
6143
6152
6153
6154
6156
6157
6158
6159
6166
6168
6169
6171
6175
6176
6183
6188
6189
6190
6192
6193
6195
6196
6199
6202
6205
6208
6210
6211
6212
6214
6217
6219
6224
6225
6226
6229
6232
6234
6235
6238
6239
6240
6242
6245
6246
6247
6248
6250
6252
6253
6254
6255
6256
6257
6264
6267
6269
6272
6273
6275
6276
6277
6278
6279
6280
6283
6286
6293
6295
6297
6298
6299
6303
6304
6306
6307
6310
6313
6315
6318
6321
6322
6331
6332
6333
6334
6338
6339
6340
6342
6343
6344
6348
6349
6352
6353
6354
6355
6358
6359
6361
6364
6365
6370
6371
6372
6374
6375
6377
6379
6381
6382
6383
6384
6386
6388
6391
6392
6395
6396
6398
6401
6403
6404
6405
6407
6408
6410
6412
6413
6414
6417
6419
6420
6424
6425
6428
6429
6433
6437
6440
6441
6442
6443
6444
6446
6451
6456
6457
6459
6461
6462
6465
6468
6469
6470
6471
6473
6475
6477
6478
6480
6481
6483
6487
6488
6491
6492
6493
6494
6495
6496
6497
6498
6499
6504
6505
6509
6519
6520
6526
6527
6528
6529
6531
6532
6533
6535
6538
6540
6542
6543
6547
6548
6550
6551
6552
6555
6556
6557
6558
6559
6560
6564
6566
6567
6568
6569
6571
6574
6578
6580
6584
6586
6588
6596
6599
6603
6604
6606
6607
6609
6611
6612
6614
6616
6621
6624
6625
6626
6628
6629
6630
6633
6634
6640
6641
6643
6647
6652
6653
6654
6656
6658
6659
6662
6665
6666
6669
6670
6679
6680
6681
6683
6684
6685
6686
6688
6689
6690
6694
6695
6696
6697
6703
6707
6708
6711
6712
6714
6716
6717
6718
6720
6721
6723
6725
6728
6731
6735
6738
6746
6747
6748
6749
6750
6752
6753
6755
6756
6759
6760
6761
6762
6763
6766
6767
6769
6770
6771
6772
6774
6775
6778
6781
6784
6786
6788
6792
6793
6795
6804
6805
6808
6811
6812
6816
6819
6821
6823
6827
6829
6830
6832
6836
6837
6839
6840
6843
6844
6848
6849
6851
6852
6855
6861
6866
6869
6873
6874
6875
6876
6877
6878
6880
6882
6883
6887
6888
6890
6893
6895
6900
6902
6903
6905
6909
6910
6911
6913
6914
6915
6916
6919
6920
6924
6925
6927
6928
6931
6933
6936
6940
6944
6945
6947
6950
6953
6954
6955
6959
6962
6964
6965
6968
6969
6971
6976
6980
6981
6986
6989
6993
6999
7006
7007
7008
7009
7012
7021
7023
7028
7033
7034
7040
7041
7042
7045
7047
7048
7051
7052
7053
7054
7055
7056
7057
7060
7061
7063
7065
7067
7070
7072
7075
7076
7080
7084
7090
7091
7094
7095
7097
7101
7103
7104
7105
7106
7110
7113
7115
7118
7121
7122
7123
7125
7127
7129
7133
7135
7137
7141
7142
7145
7146
7147
7149
7150
7151
7155
7156
7158
7161
7162
7163
7164
7165
7167
7170
7171
7181
7182
7187
7190
7192
7193
7194
7195
7199
7205
7207
7209
7210
7211
7212
7216
7221
7227
7230
7238
7239
7240
7241
7243
7244
7248
7255
7256
7259
7260
7263
7264
7265
7266
7278
7281
7282
7283
7284
7286
7288
7293
7295
7298
7304
7305
7306
7307
7308
7310
7315
7318
7322
7324
7326
7327
7328
7330
7333
7338
7339
7342
7345
7347
7348
7351
7355
7358
7359
7363
7365
7367
7368
7369
7370
7371
7373
7380
7382
7385
7387
7388
7391
7395
7398
7400
7403
7406
7407
7408
7409
7410
7411
7412
7414
7417
7418
7419
7423
7428
7430
7432
7435
7438
7442
7445
7448
7449
7450
7452
7458
7459
7460
7462
7464
7465
7469
7471
7472
7473
7474
7475
7480
7481
7483
7486
7489
7490
7492
7493
7504
7507
7508
7509
7512
7515
7518
7524
7525
7526
7529
7530
7531
7532
7533
7534
7536
7539
7540
7544
7545
7548
7550
7551
7552
7555
7556
7557
7559
7563
7565
7566
7567
7570
7571
7572
7575
7576
7580
7585
7586
7588
7596
7597
7599
7603
7604
7610
7612
7613
7614
7617
7618
7619
7620
7621
7623
7624
7627
7628
7629
7630
7631
7633
7636
7640
7644
7646
7647
7648
7652
7654
7655
7656
7659
7660
7661
7662
7666
7667
7669
7670
7671
7675
7676
7679
7683
7684
7687
7688
7689
7694
7696
7700
7703
7706
7707
7708
7713
7714
7716
7717
7718
7721
7726
7728
7729
7730
7733
7734
7738
7739
7740
7742
7745
7746
7748
7749
7750
7751
7754
7755
7756
7760
7765
7768
7770
7771
7777
7780
7782
7783
7785
7787
7788
7790
7791
7798
7805
7807
7808
7810
7812
7813
7817
7818
7820
7824
7827
7828
7837
7840
7845
7846
7848
7852
7854
7859
7860
7862
7863
7864
7867
7868
7871
7872
7874
7877
7878
7880
7881
7883
7886
7889
7890
7892
7895
7898
7900
7903
7904
7906
7907
7908
7914
7915
7916
7918
7920
7921
7924
7925
7926
7928
7930
7932
7934
7935
7940
7942
7944
7948
7950
7952
7955
7956
7957
7959
7960
7961
7963
7967
7968
7969
7970
7971
7972
7973
7975
7978
7979
7980
7983
7986
7988
7990
7991
7992
7993
7995
7996
7998
7999
8001
8006
8007
8009
8011
8014
8023
8025
8027
8028
8033
8034
8036
8038
8042
8044
8045
8048
8050
8054
8055
8057
8062
8067
8069
8073
8075
8076
8077
8082
8083
8084
8087
8089
8090
8091
8092
8095
8096
8097
8098
8102
8103
8105
8106
8107
8108
8110
8111
8114
8115
8117
8119
8120
8124
8125
8130
8132
8138
8140
8141
8143
8149
8151
8152
8154
8156
8159
8160
8161
8163
8164
8165
8166
8167
8169
8171
8176
8177
8180
8185
8189
8191
8192
8193
8202
8206
8208
8211
8215
8217
8218
8219
8221
8223
8224
8225
8229
8231
8232
8234
8237
8239
8241
8243
8250
8255
8257
8258
8260
8268
8270
8271
8272
8275
8277
8279
8281
8283
8284
8287
8290
8291
8292
8296
8297
8299
8301
8307
8309
8310
8311
8312
8315
8316
8317
8321
8322
8323
8324
8326
8328
8329
8330
8332
8333
8337
8338
8339
8340
8345
8347
8351
8352
8353
8359
8364
8366
8367
8375
8376
8378
8379
8381
8383
8391
8393
8394
8395
8396
8397
8398
8399
8403
8404
8406
8408
8409
8410
8412
8413
8416
8420
8421
8422
8424
8425
8427
8428
8430
8431
8433
8435
8437
8439
8440
8441
8444
8445
8452
8454
8458
8462
8464
8472
8473
8474
8476
8477
8478
8479
8482
8484
8489
8493
8494
8498
8501
8502
8503
8504
8506
8508
8509
8511
8512
8519
8522
8523
8524
8525
8527
8528
8529
8531
8532
8533
8535
8536
8540
8541
8542
8544
8546
8547
8549
8552
8555
8556
8560
8564
8566
8567
8568
8570
8573
8579
8580
8581
8582
8583
8585
8586
8587
8588
8590
8601
8608
8611
8612
8613
8616
8623
8626
8627
8632
8633
8635
8637
8639
8642
8643
8644
8645
8646
8652
8653
8654
8660
8661
8664
8665
8667
8669
8670
8673
8674
8677
8679
8680
8681
8684
8688
8689
8690
8704
8705
8707
8708
8711
8712
8714
8715
8717
8719
8721
8722
8723
8728
8732
8733
8734
8735
8737
8738
8742
8743
8745
8746
8747
8748
8751
8752
8754
8757
8758
8759
8760
8766
8768
8770
8772
8775
8782
8783
8784
8785
8786
8787
8790
8792
8796
8798
8800
8801
8802
8804
8806
8807
8809
8811
8813
8816
8818
8819
8820
8823
8824
8825
8827
8828
8833
8838
8840
8841
8847
8848
8849
8853
8854
8855
8858
8860
8861
8865
8871
8875
8878
8879
8882
8885
8887
8889
8897
8904
8908
8912
8917
8919
8921
8923
8924
8926
8927
8929
8931
8933
8936
8941
8943
8944
8947
8949
8952
8954
8958
8959
8961
8962
8968
8972
8974
8976
8983
8988
8991
8992
8993
8994
8997
8998
9000
9002
9005
9006
9012
9014
9015
9020
9024
9027
9028
9030
9031
9033
9034
9035
9036
9037
9038
9040
9041
9042
9044
9047
9050
9053
9054
9055
9059
9062
9063
9067
9069
9070
9072
9073
9075
9076
9079
9080
9081
9085
9086
9087
9088
9089
9090
9093
9095
9102
9104
9106
9107
9111
9119
9120
9121
9122
9124
9126
9128
9130
9131
9133
9134
9135
9136
9137
9139
9142
9143
9144
9146
9147
9150
9151
9158
9165
9168
9170
9173
9174
9178
9179
9182
9184
9188
9190
9192
9193
9194
9196
9200
9201
9204
9205
9206
9207
9209
9210
9213
9215
9221
9223
9226
9231
9234
9236
9238
9242
9243
9244
9245
9246
9247
9248
9251
9253
9254
9255
9256
9258
9260
9261
9262
9263
9264
9270
9272
9273
9277
9282
9287
9293
9297
9299
9302
9303
9304
9307
9308
9311
9314
9317
9323
9325
9328
9329
9336
9341
9348
9352
9353
9362
9366
9368
9369
9370
9371
9374
9376
9384
9385
9387
9388
9392
9393
9394
9395
9396
9399
9400
9405
9406
9408
9410
9412
9413
9415
9416
9420
9424
9427
9429
9430
9431
9434
9437
9439
9440
9442
9443
9444
9445
9452
9455
9456
9458
9461
9462
9463
9464
9465
9467
9468
9470
9474
9477
9480
9482
9484
9485
9486
9487
9489
9491
9493
9496
9497
9502
9506
9508
9512
9513
9515
9518
9524
9528
9529
9531
9536
9537
9541
9544
9546
9547
9548
9549
9552
9555
9556
9560
9561
9563
9565
9568
9569
9572
9575
9577
9580
9581
9590
9592
9594
9595
9596
9600
9602
9603
9606
9610
9611
9612
9624
9629
9630
9631
9633
9635
9636
9642
9646
9647
9648
9654
9656
9657
9659
9660
9665
9667
9668
9669
9670
9671
9672
9674
9677
9679
9688
9693
9694
9695
9696
9699
9702
9705
9707
9710
9711
9714
9723
9734
9738
9743
9745
9747
9751
9752
9754
9755
9762
9763
9765
9766
9767
9769
9771
9776
9777
9782
9785
9787
9789
9791
9793
9794
9795
9800
9803
9804
9807
9808
9810
9811
9813
9814
9816
9818
9820
9824
9826
9827
9829
9831
9832
9839
9841
9842
9844
9846
9854
9856
9858
9860
9861
9862
9863
9868
9870
9873
9875
9877
9878
9880
9881
9882
9884
9890
9891
9892
9894
9902
9904
9905
9906
9910
9911
9912
9913
9916
9920
9921
9922
9923
9924
9929
9931
9932
9934
9935
9936
9939
9940
9942
9943
9945
9948
9951
9956
9957
9959
9961
9962
9963
9968
9970
9973
9974
9977
9979
9980
9987
9989
9990
9991
9993
9994
9995
9996
9997
10005
10006
10007
10012
10016
10019
10020
10021
10023
10024
10026
10031
10034
10039
10040
10044
10045
10047
10048
10051
10053
10054
10056
10059
10060
10065
10066
10069
10070
10071
10073
10075
10076
10077
10078
10079
10080
10082
10087
10089
10090
10091
10094
10095
10097
10099
10100
10101
10102
10103
10108
10111
10112
10113
10114
10116
10117
10118
10123
10125
10127
10128
10133
10136
10138
10140
10142
10143
10144
10145
10148
10149
10153
10155
10159
10160
10161
10163
10166
10168
10170
10171
10172
10174
10177
10178
10179
10180
10181
10187
10188
10189
10192
10193
10194
10197
10203
10204
10218
10222
10223
10228
10230
10231
10232
10234
10235
10238
10239
10240
10243
10245
10246
10247
10248
10249
10254
10255
10261
10268
10269
10270
10271
10273
10274
10276
10278
10279
10280
10281
10284
10285
10286
10287
10288
10289
10290
10292
10297
10298
10302
10304
10305
10307
10315
10316
10317
10318
10320
10321
10322
10324
10325
10326
10327
10329
10331
10334
10335
10336
10338
10340
10341
10342
10344
10346
10347
10350
10357
10361
10364
10365
10367
10368
10370
10371
10372
10373
10376
10377
10380
10381
10382
10385
10386
10388
10392
10395
10399
10400
10403
10404
10407
10408
10409
10411
10419
10420
10422
10423
10427
10428
10430
10431
10432
10433
10436
10437
10440
10441
10442
10450
10452
10455
10456
10458
10459
10460
10463
10468
10470
10471
10473
10474
10477
10484
10485
10488
10489
10492
10493
10494
10497
10500
10502
10504
10506
10510
10514
10515
10520
10521
10522
10523
10524
10525
10528
10530
10531
10533
10534
10536
10537
10538
10541
10542
10543
10545
10546
10548
10550
10551
10555
10558
10560
10561
10562
10563
10564
10565
10569
10571
10573
10577
10582
10586
10587
10588
10589
10590
10591
10592
10593
10595
10596
10599
10600
10602
10610
10618
10619
10621
10624
10628
10629
10631
10632
10637
10639
10641
10644
10646
10648
10650
10651
10655
10657
10661
10664
10666
10671
10672
10673
10674
10675
10676
10683
10684
10686
10688
10689
10695
10696
10699
10708
10709
10711
10712
10714
10715
10716
10717
10718
10719
10722
10723
10727
10728
10731
10736
10738
10743
10746
10747
10750
10752
10753
10754
10761
10762
10763
10764
10769
10772
10773
10775
10776
10777
10778
10781
10782
10788
10792
10794
10797
10799
10800
10801
10803
10809
10811
10815
10817
10818
10819
10822
10823
10824
10825
10828
10831
10838
10839
10843
10844
10846
10847
10848
10849
10850
10851
10852
10854
10859
10861
10867
10868
10871
10873
10874
10881
10882
10883
10885
10890
10891
10892
10893
10895
10896
10897
10899
10900
10902
10904
10905
10909
10910
10913
10914
10915
10917
10918
10921
10922
10923
10927
10929
10930
10939
10940
10941
10944
10946
10947
10948
10950
10952
10953
10956
10959
10960
10961
10962
10964
10965
10966
10968
10969
10973
10975
10984
10986
10988
10990
10991
10993
10995
10997
10998
10999
11001
11005
11010
11011
11012
11013
11014
11016
11019
11020
11023
11028
11029
11031
11033
11037
11038
11044
11045
11046
11048
11049
11051
11052
11054
11055
11059
11060
11061
11062
11064
11065
11068
11070
11071
11075
11078
11080
11083
11085
11087
11088
11089
11090
11091
11092
11093
11094
11106
11107
11115
11116
11119
11120
11122
11123
11125
11126
11127
11132
11135
11138
11140
11141
11144
11146
11147
11148
11153
11155
11157
11158
11159
11163
11167
11168
11170
11176
11178
11180
11183
11187
11188
11193
11194
11195
11198
11200
11203
11206
11207
11209
11210
11211
11214
11215
11221
11222
11224
11227
11230
11232
11236
11238
11239
11240
11241
11242
11243
11245
11246
11248
11253
11254
